406.6 1.748415e-02 1.440535e-02
405.4 1.753209e-02 1.444861e-02
401.9 1.767742e-02 1.457838e-02
395.8 1.791661e-02 1.479660e-02
387.1 1.828517e-02 1.513163e-02
375.8 1.879635e-02 1.559356e-02
362.2 1.949375e-02 1.621814e-02
346.5 2.040474e-02 1.703431e-02
329.1 2.157251e-02 1.807552e-02
310.4 2.287807e-02 1.924306e-02
290.6 2.452653e-02 2.069930e-02
270.2 2.659134e-02 2.253566e-02
249.2 2.903931e-02 2.470757e-02
228.1 3.196670e-02 2.731654e-02
207.0 3.567606e-02 3.061451e-02
186.0 4.036016e-02 3.479756e-02
165.5 4.666941e-02 4.041216e-02
145.5 5.480522e-02 4.768290e-02
126.3 6.556666e-02 5.732922e-02
108.0 8.121222e-02 7.138149e-02
90.8 1.021841e-01 9.030857e-02
74.8 1.307118e-01 1.163092e-01
60.1 1.704408e-01 1.527478e-01
47.0 2.296551e-01 2.083125e-01
35.5 3.180105e-01 3.014780e-01
25.8 4.457012e-01 4.380066e-01
17.8 6.256718e-01 6.258768e-01
11.7 8.132340e-01 8.135005e-01
7.3 9.218531e-01 9.221554e-01
