406.6   2.506070e-01    2.116444e-01    5.125572e-02    4.230013e-02    1.748415e-02    1.440535e-02
405.4   2.513187e-01    2.122583e-01    5.137231e-02    4.240637e-02    1.753209e-02    1.444861e-02
401.9   2.533649e-01    2.140196e-01    5.172785e-02    4.272616e-02    1.767742e-02    1.457838e-02
395.8   2.564974e-01    2.167829e-01    5.229841e-02    4.325350e-02    1.791661e-02    1.479660e-02
387.1   2.610553e-01    2.208273e-01    5.317641e-02    4.406175e-02    1.828517e-02    1.513163e-02
375.8   2.668474e-01    2.259751e-01    5.436567e-02    4.515043e-02    1.879635e-02    1.559356e-02
362.2   2.742590e-01    2.325418e-01    5.597178e-02    4.660537e-02    1.949375e-02    1.621814e-02
346.5   2.832647e-01    2.405744e-01    5.804634e-02    4.848610e-02    2.040474e-02    1.703431e-02
329.1   2.940585e-01    2.501925e-01    6.069718e-02    5.087422e-02    2.157251e-02    1.807552e-02
310.4   3.051418e-01    2.601407e-01    6.358149e-02    5.348389e-02    2.287807e-02    1.924306e-02
290.6   3.181807e-01    2.716816e-01    6.714724e-02    5.666184e-02    2.452653e-02    2.069930e-02
270.2   3.329779e-01    2.849883e-01    7.148185e-02    6.055951e-02    2.659134e-02    2.253566e-02
249.2   3.489335e-01    2.993256e-01    7.652126e-02    6.507571e-02    2.903931e-02    2.470757e-02
228.1   3.660115e-01    3.148555e-01    8.245479e-02    7.041997e-02    3.196670e-02    2.731654e-02
207.0   3.853671e-01    3.324392e-01    8.973674e-02    7.695713e-02    3.567606e-02    3.061451e-02
186.0   4.072096e-01    3.525064e-01    9.869184e-02    8.503523e-02    4.036016e-02    3.479756e-02
165.5   4.333098e-01    3.763364e-01    1.105235e-01    9.564689e-02    4.666941e-02    4.041216e-02
145.5   4.625194e-01    4.032643e-01    1.252404e-01    1.089042e-01    5.480522e-02    4.768290e-02
126.3   4.953370e-01    4.337351e-01    1.441185e-01    1.259539e-01    6.556666e-02    5.732922e-02
108.0   5.357276e-01    4.713025e-01    1.704412e-01    1.497527e-01    8.121222e-02    7.138149e-02
90.8    5.798827e-01    5.127785e-01    2.041398e-01    1.803659e-01    1.021841e-01    9.030857e-02
74.8    6.277553e-01    5.587362e-01    2.474958e-01    2.201801e-01    1.307118e-01    1.163092e-01
60.1    6.805866e-01    6.100371e-01    3.041562e-01    2.725495e-01    1.704408e-01    1.527478e-01
47.0    7.418920e-01    6.727775e-01    3.823046e-01    3.467144e-01    2.296551e-01    2.083125e-01
35.5    8.055164e-01    7.636530e-01    4.872630e-01    4.619217e-01    3.180105e-01    3.014780e-01
25.8    8.697743e-01    8.544514e-01    6.177019e-01    6.069433e-01    4.457012e-01    4.380066e-01
17.8    9.296682e-01    9.299733e-01    7.651813e-01    7.654321e-01    6.256718e-01    6.258768e-01
11.7    9.846711e-01    9.849937e-01    8.876222e-01    8.879132e-01    8.132340e-01    8.135005e-01
7.3     9.846207e-01    9.849434e-01    9.456323e-01    9.459425e-01    9.218531e-01    9.221554e-01
