406.6   1.764150e-01    1.499759e-01    1.165851e-02    9.911265e-03    4.613126e-03    3.921762e-03
405.4   1.771615e-01    1.506106e-01    1.176408e-02    1.000101e-02    4.659588e-03    3.961262e-03
401.9   1.792407e-01    1.523781e-01    1.205718e-02    1.025019e-02    4.789954e-03    4.072091e-03
395.8   1.824590e-01    1.551604e-01    1.253786e-02    1.066201e-02    5.007701e-03    4.258474e-03
387.1   1.870696e-01    1.591700e-01    1.324020e-02    1.126556e-02    5.328869e-03    4.534122e-03
375.8   1.929466e-01    1.642916e-01    1.418911e-02    1.208186e-02    5.772997e-03    4.915642e-03
362.2   2.004209e-01    1.708001e-01    1.544646e-02    1.316358e-02    6.369616e-03    5.428233e-03
346.5   2.095256e-01    1.787757e-01    1.707922e-02    1.457274e-02    7.150849e-03    6.101422e-03
329.1   2.204369e-01    1.883388e-01    1.917231e-02    1.638061e-02    8.152392e-03    6.965313e-03
310.4   2.317010e-01    1.982704e-01    2.150733e-02    1.840425e-02    9.294224e-03    7.953260e-03
290.6   2.449422e-01    2.098389e-01    2.440871e-02    2.091063e-02    1.074212e-02    9.202635e-03
270.2   2.599985e-01    2.231683e-01    2.796538e-02    2.400408e-02    1.256875e-02    1.078841e-02
249.2   2.763019e-01    2.376071e-01    3.216241e-02    2.765822e-02    1.475629e-02    1.268974e-02
228.1   2.938302e-01    2.532935e-01    3.718145e-02    3.205214e-02    1.739708e-02    1.499712e-02
207.0   3.137430e-01    2.711251e-01    4.338760e-02    3.749396e-02    2.076341e-02    1.794298e-02
186.0   3.362282e-01    2.914757e-01    5.108101e-02    4.428252e-02    2.503683e-02    2.170468e-02
165.5   3.631498e-01    3.157587e-01    6.136248e-02    5.335465e-02    3.082941e-02    2.680616e-02
145.5   3.933296e-01    3.432414e-01    7.427424e-02    6.481703e-02    3.834534e-02    3.346304e-02
126.3   4.274323e-01    3.745229e-01    9.107320e-02    7.979977e-02    4.836575e-02    4.237884e-02
108.0   4.694221e-01    4.131694e-01    1.147364e-01    1.009900e-01    6.301552e-02    5.546606e-02
90.8    5.156502e-01    4.561299e-01    1.455339e-01    1.287353e-01    8.281998e-02    7.326026e-02
74.8    5.660293e-01    5.039088e-01    1.857844e-01    1.654020e-01    1.099651e-01    9.790189e-02
60.1    6.220042e-01    5.576028e-01    2.392226e-01    2.144539e-01    1.480461e-01    1.327176e-01
47.0    6.872254e-01    6.232628e-01    3.141837e-01    2.850145e-01    2.052209e-01    1.861838e-01
35.5    7.566644e-01    7.173563e-01    4.175646e-01    3.958724e-01    2.915095e-01    2.763658e-01
25.8    8.283476e-01    8.137731e-01    5.498343e-01    5.402896e-01    4.178929e-01    4.106929e-01
17.8    8.985316e-01    8.988264e-01    7.062936e-01    7.065251e-01    5.991569e-01    5.993531e-01
11.7    9.722364e-01    9.725549e-01    8.617135e-01    8.619960e-01    8.005632e-01    8.008255e-01
7.3     9.846207e-01    9.849434e-01    9.456323e-01    9.459425e-01    9.218531e-01    9.221554e-01
