406.6 2.506070e-01 2.116444e-01
405.4 2.513187e-01 2.122583e-01
401.9 2.533649e-01 2.140196e-01
395.8 2.564974e-01 2.167829e-01
387.1 2.610553e-01 2.208273e-01
375.8 2.668474e-01 2.259751e-01
362.2 2.742590e-01 2.325418e-01
346.5 2.832647e-01 2.405744e-01
329.1 2.940585e-01 2.501925e-01
310.4 3.051418e-01 2.601407e-01
290.6 3.181807e-01 2.716816e-01
270.2 3.329779e-01 2.849883e-01
249.2 3.489335e-01 2.993256e-01
228.1 3.660115e-01 3.148555e-01
207.0 3.853671e-01 3.324392e-01
186.0 4.072096e-01 3.525064e-01
165.5 4.333098e-01 3.763364e-01
145.5 4.625194e-01 4.032643e-01
126.3 4.953370e-01 4.337351e-01
108.0 5.357276e-01 4.713025e-01
90.8 5.798827e-01 5.127785e-01
74.8 6.277553e-01 5.587362e-01
60.1 6.805866e-01 6.100371e-01
47.0 7.418920e-01 6.727775e-01
35.5 8.055164e-01 7.636530e-01
25.8 8.697743e-01 8.544514e-01
17.8 9.296682e-01 9.299733e-01
11.7 9.846711e-01 9.849937e-01
7.3 9.846207e-01 9.849434e-01
