406.6   7.419202e-02    6.166851e-02    3.959722e-02    3.238887e-02    1.287103e-02    1.048359e-02
405.4   7.415715e-02    6.164776e-02    3.960823e-02    3.240535e-02    1.287250e-02    1.048734e-02
401.9   7.412422e-02    6.164144e-02    3.967066e-02    3.247597e-02    1.288747e-02    1.050629e-02
395.8   7.403840e-02    6.162256e-02    3.976055e-02    3.259149e-02    1.290891e-02    1.053813e-02
387.1   7.398570e-02    6.165729e-02    3.993620e-02    3.279619e-02    1.295630e-02    1.059751e-02
375.8   7.390076e-02    6.168354e-02    4.017656e-02    3.306856e-02    1.302335e-02    1.067792e-02
362.2   7.383811e-02    6.174168e-02    4.052531e-02    3.344179e-02    1.312414e-02    1.078991e-02
346.5   7.373901e-02    6.179867e-02    4.096712e-02    3.391337e-02    1.325389e-02    1.093289e-02
329.1   7.362152e-02    6.185367e-02    4.152487e-02    3.449360e-02    1.342012e-02    1.111020e-02
310.4   7.344088e-02    6.187023e-02    4.207416e-02    3.507964e-02    1.358384e-02    1.128980e-02
290.6   7.323850e-02    6.184268e-02    4.273853e-02    3.575122e-02    1.378441e-02    1.149667e-02
270.2   7.297935e-02    6.182002e-02    4.351648e-02    3.655543e-02    1.402259e-02    1.174725e-02
249.2   7.263162e-02    6.171847e-02    4.435883e-02    3.741750e-02    1.428303e-02    1.201783e-02
228.1   7.218128e-02    6.156198e-02    4.527334e-02    3.836783e-02    1.456962e-02    1.231942e-02
207.0   7.162409e-02    6.131399e-02    4.634914e-02    3.946318e-02    1.491265e-02    1.267153e-02
186.0   7.098143e-02    6.103065e-02    4.761083e-02    4.075271e-02    1.532333e-02    1.309289e-02
165.5   7.015998e-02    6.057764e-02    4.916106e-02    4.229224e-02    1.584000e-02    1.360599e-02
145.5   6.918979e-02    6.002292e-02    5.096612e-02    4.408721e-02    1.645987e-02    1.421986e-02
126.3   6.790469e-02    5.921216e-02    5.304528e-02    4.615413e-02    1.720091e-02    1.495038e-02
108.0   6.630549e-02    5.813302e-02    5.570480e-02    4.876272e-02    1.819669e-02    1.591543e-02
90.8    6.423247e-02    5.664861e-02    5.860595e-02    5.163067e-02    1.936411e-02    1.704831e-02
74.8    6.172602e-02    5.482747e-02    6.171136e-02    5.477810e-02    2.074671e-02    1.840735e-02
60.1    5.858240e-02    5.243444e-02    6.493355e-02    5.809556e-02    2.239473e-02    2.003021e-02
47.0    5.466659e-02    4.951483e-02    6.812093e-02    6.169988e-02    2.443427e-02    2.212873e-02
35.5    4.885201e-02    4.629672e-02    6.969844e-02    6.604928e-02    2.650102e-02    2.511225e-02
25.8    4.142673e-02    4.067825e-02    6.786766e-02    6.665365e-02    2.780827e-02    2.731370e-02
17.8    3.113663e-02    3.114687e-02    5.888766e-02    5.890701e-02    2.651499e-02    2.652371e-02
11.7    1.243472e-02    1.243880e-02    2.590870e-02    2.591721e-02    1.267082e-02    1.267498e-02
7.3     1.351384e-25    1.351384e-25    3.244119e-25    3.244119e-25    3.450279e-25    3.450279e-25
