406.6 5.125572e-02 4.230013e-02
405.4 5.137231e-02 4.240637e-02
401.9 5.172785e-02 4.272616e-02
395.8 5.229841e-02 4.325350e-02
387.1 5.317641e-02 4.406175e-02
375.8 5.436567e-02 4.515043e-02
362.2 5.597178e-02 4.660537e-02
346.5 5.804634e-02 4.848610e-02
329.1 6.069718e-02 5.087422e-02
310.4 6.358149e-02 5.348389e-02
290.6 6.714724e-02 5.666184e-02
270.2 7.148185e-02 6.055951e-02
249.2 7.652126e-02 6.507571e-02
228.1 8.245479e-02 7.041997e-02
207.0 8.973674e-02 7.695713e-02
186.0 9.869184e-02 8.503523e-02
165.5 1.105235e-01 9.564689e-02
145.5 1.252404e-01 1.089042e-01
126.3 1.441185e-01 1.259539e-01
108.0 1.704412e-01 1.497527e-01
90.8 2.041398e-01 1.803659e-01
74.8 2.474958e-01 2.201801e-01
60.1 3.041562e-01 2.725495e-01
47.0 3.823046e-01 3.467144e-01
35.5 4.872630e-01 4.619217e-01
25.8 6.177019e-01 6.069433e-01
17.8 7.651813e-01 7.654321e-01
11.7 8.876222e-01 8.879132e-01
7.3 9.456323e-01 9.459425e-01
