0.0 3.101632e-01 3.572849e-01
0.5 3.098149e-01 3.568861e-01
1.0 3.109810e-01 3.582435e-01
1.5 3.125705e-01 3.600772e-01
2.0 3.151591e-01 3.630588e-01
2.5 3.178124e-01 3.660902e-01
3.0 3.219182e-01 3.707651e-01
3.5 3.262798e-01 3.756885e-01
4.0 3.310779e-01 3.810686e-01
4.5 3.363328e-01 3.869219e-01
5.0 3.416386e-01 3.934574e-01
5.5 3.464234e-01 3.994282e-01
6.0 3.512037e-01 4.054025e-01
6.5 3.555270e-01 4.108218e-01
7.0 3.592997e-01 4.155507e-01
7.5 3.623386e-01 4.193548e-01
8.0 3.645501e-01 4.221092e-01
8.5 3.661384e-01 4.240397e-01
9.0 3.670121e-01 4.250369e-01
9.5 3.671872e-01 4.251211e-01
10.0 3.666405e-01 4.242740e-01
10.5 3.655781e-01 4.227464e-01
11.0 3.638723e-01 4.204037e-01
11.5 3.617065e-01 4.174712e-01
12.0 3.594550e-01 4.144014e-01
12.5 3.565616e-01 4.105640e-01
13.0 3.531161e-01 4.066597e-01
13.5 3.496154e-01 4.029686e-01
14.0 3.460649e-01 3.992028e-01
14.5 3.425575e-01 3.954682e-01
15.0 3.387098e-01 3.913142e-01
15.5 3.353386e-01 3.876834e-01
16.0 3.320557e-01 3.841226e-01
16.5 3.288927e-01 3.806719e-01
17.0 3.258051e-01 3.772796e-01
17.5 3.227940e-01 3.739398e-01
18.0 3.200073e-01 3.708366e-01
18.5 3.176717e-01 3.682238e-01
19.0 3.154733e-01 3.657520e-01
19.5 3.134552e-01 3.634581e-01
20.0 3.115014e-01 3.612250e-01
20.5 3.098760e-01 3.593538e-01
21.0 3.079565e-01 3.571198e-01
21.5 3.066368e-01 3.555709e-01
22.0 3.051151e-01 3.537697e-01
22.5 3.043757e-01 3.528713e-01
23.0 3.035889e-01 3.519093e-01
23.5 3.025554e-01 3.506456e-01
24.0 3.019476e-01 3.498721e-01
24.5 3.014784e-01 3.492498e-01
25.0 3.013211e-01 3.489884e-01
25.5 3.011397e-01 3.486896e-01
26.0 3.011355e-01 3.485934e-01
26.5 3.011194e-01 3.484805e-01
27.0 3.011377e-01 3.484085e-01
27.5 3.013054e-01 3.485084e-01
28.0 3.015639e-01 3.487081e-01
28.5 3.019977e-01 3.491158e-01
29.0 3.022930e-01 3.493566e-01
29.5 3.028416e-01 3.498941e-01
30.0 3.032371e-01 3.502569e-01
