0.0 7.990667e-02 1.026334e-01
0.5 7.995521e-02 1.026205e-01
1.0 8.057928e-02 1.031039e-01
1.5 8.181003e-02 1.040892e-01
2.0 8.354941e-02 1.054606e-01
2.5 8.498619e-02 1.062478e-01
3.0 8.733192e-02 1.078415e-01
3.5 8.969371e-02 1.091958e-01
4.0 9.170450e-02 1.099179e-01
4.5 9.370841e-02 1.104292e-01
5.0 9.585652e-02 1.109641e-01
5.5 9.719092e-02 1.115251e-01
6.0 9.693014e-02 1.132647e-01
6.5 9.655152e-02 1.148232e-01
7.0 9.610048e-02 1.161959e-01
7.5 9.538206e-02 1.171142e-01
8.0 9.459821e-02 1.177831e-01
8.5 9.376526e-02 1.182005e-01
9.0 9.314267e-02 1.186592e-01
9.5 9.236541e-02 1.187259e-01
10.0 9.145105e-02 1.184407e-01
10.5 9.113234e-02 1.186558e-01
11.0 9.022930e-02 1.180248e-01
11.5 9.005430e-02 1.180802e-01
12.0 8.970147e-02 1.177873e-01
12.5 8.930739e-02 1.173334e-01
13.0 8.875202e-02 1.165832e-01
13.5 8.876390e-02 1.164038e-01
14.0 8.906417e-02 1.164816e-01
14.5 8.909692e-02 1.161954e-01
15.0 8.883932e-02 1.155196e-01
15.5 8.894568e-02 1.152326e-01
16.0 8.972210e-02 1.156909e-01
16.5 9.022057e-02 1.158044e-01
17.0 9.030883e-02 1.154345e-01
17.5 9.063880e-02 1.153465e-01
18.0 9.063235e-02 1.148764e-01
18.5 9.149703e-02 1.154071e-01
19.0 9.246697e-02 1.160664e-01
19.5 9.326153e-02 1.165367e-01
20.0 9.389574e-02 1.168154e-01
20.5 9.471358e-02 1.173351e-01
21.0 9.538666e-02 1.176927e-01
21.5 9.623913e-02 1.182648e-01
22.0 9.661592e-02 1.183036e-01
22.5 9.751897e-02 1.189641e-01
23.0 9.830236e-02 1.195055e-01
23.5 9.913760e-02 1.201161e-01
24.0 1.000475e-01 1.208217e-01
24.5 1.008991e-01 1.214873e-01
25.0 1.020159e-01 1.224636e-01
25.5 1.030379e-01 1.233536e-01
26.0 1.041462e-01 1.243456e-01
26.5 1.050528e-01 1.251119e-01
27.0 1.062787e-01 1.262694e-01
27.5 1.072071e-01 1.270878e-01
28.0 1.084092e-01 1.282344e-01
28.5 1.094391e-01 1.291989e-01
29.0 1.104058e-01 1.300909e-01
29.5 1.115941e-01 1.312520e-01
30.0 1.125774e-01 1.321812e-01
