0.0 3.718953e-02 4.149536e-02
0.5 3.718245e-02 4.149571e-02
1.0 3.747399e-02 4.183413e-02
1.5 3.802828e-02 4.247319e-02
2.0 3.872117e-02 4.327339e-02
2.5 3.939087e-02 4.405037e-02
3.0 4.046849e-02 4.529941e-02
3.5 4.152471e-02 4.652410e-02
4.0 4.242121e-02 4.756388e-02
4.5 4.333449e-02 4.862124e-02
5.0 4.437942e-02 4.982832e-02
5.5 4.527054e-02 5.085404e-02
6.0 4.609095e-02 5.179496e-02
6.5 4.685444e-02 5.266804e-02
7.0 4.764445e-02 5.356966e-02
7.5 4.827514e-02 5.428426e-02
8.0 4.885711e-02 5.494121e-02
8.5 4.943621e-02 5.559299e-02
9.0 5.009437e-02 5.633575e-02
9.5 5.059129e-02 5.688935e-02
10.0 5.098561e-02 5.732365e-02
10.5 5.178017e-02 5.821931e-02
11.0 5.202400e-02 5.848278e-02
11.5 5.275907e-02 5.931041e-02
12.0 5.335503e-02 5.997263e-02
12.5 5.383104e-02 6.050297e-02
13.0 5.403256e-02 6.071428e-02
13.5 5.473654e-02 6.150626e-02
14.0 5.554467e-02 6.241644e-02
14.5 5.613122e-02 6.307250e-02
15.0 5.647489e-02 6.344427e-02
15.5 5.705318e-02 6.409624e-02
16.0 5.799912e-02 6.516925e-02
16.5 5.882270e-02 6.609875e-02
17.0 5.919450e-02 6.650481e-02
17.5 5.987478e-02 6.726658e-02
18.0 6.016030e-02 6.758260e-02
18.5 6.108504e-02 6.863195e-02
19.0 6.215372e-02 6.984832e-02
19.5 6.308902e-02 7.090995e-02
20.0 6.373842e-02 7.164294e-02
20.5 6.459790e-02 7.261909e-02
21.0 6.536853e-02 7.348867e-02
21.5 6.627879e-02 7.452115e-02
22.0 6.686705e-02 7.518034e-02
22.5 6.756148e-02 7.596651e-02
23.0 6.819476e-02 7.667957e-02
23.5 6.898286e-02 7.757658e-02
24.0 6.986041e-02 7.857244e-02
24.5 7.068925e-02 7.951603e-02
25.0 7.173537e-02 8.070952e-02
25.5 7.262114e-02 8.171961e-02
26.0 7.358714e-02 8.281934e-02
26.5 7.429315e-02 8.361797e-02
27.0 7.530834e-02 8.477622e-02
27.5 7.616175e-02 8.574601e-02
28.0 7.718471e-02 8.691441e-02
28.5 7.808720e-02 8.794482e-02
29.0 7.894126e-02 8.891541e-02
29.5 7.995386e-02 9.007204e-02
30.0 8.078822e-02 9.102122e-02
