0.0     3.101632e-01    3.572849e-01    7.990667e-02    1.026334e-01    3.718953e-02    4.149536e-02
0.5     3.098149e-01    3.568861e-01    7.995521e-02    1.026205e-01    3.718245e-02    4.149571e-02
1.0     3.109810e-01    3.582435e-01    8.057928e-02    1.031039e-01    3.747399e-02    4.183413e-02
1.5     3.125705e-01    3.600772e-01    8.181003e-02    1.040892e-01    3.802828e-02    4.247319e-02
2.0     3.151591e-01    3.630588e-01    8.354941e-02    1.054606e-01    3.872117e-02    4.327339e-02
2.5     3.178124e-01    3.660902e-01    8.498619e-02    1.062478e-01    3.939087e-02    4.405037e-02
3.0     3.219182e-01    3.707651e-01    8.733192e-02    1.078415e-01    4.046849e-02    4.529941e-02
3.5     3.262798e-01    3.756885e-01    8.969371e-02    1.091958e-01    4.152471e-02    4.652410e-02
4.0     3.310779e-01    3.810686e-01    9.170450e-02    1.099179e-01    4.242121e-02    4.756388e-02
4.5     3.363328e-01    3.869219e-01    9.370841e-02    1.104292e-01    4.333449e-02    4.862124e-02
5.0     3.416386e-01    3.934574e-01    9.585652e-02    1.109641e-01    4.437942e-02    4.982832e-02
5.5     3.464234e-01    3.994282e-01    9.719092e-02    1.115251e-01    4.527054e-02    5.085404e-02
6.0     3.512037e-01    4.054025e-01    9.693014e-02    1.132647e-01    4.609095e-02    5.179496e-02
6.5     3.555270e-01    4.108218e-01    9.655152e-02    1.148232e-01    4.685444e-02    5.266804e-02
7.0     3.592997e-01    4.155507e-01    9.610048e-02    1.161959e-01    4.764445e-02    5.356966e-02
7.5     3.623386e-01    4.193548e-01    9.538206e-02    1.171142e-01    4.827514e-02    5.428426e-02
8.0     3.645501e-01    4.221092e-01    9.459821e-02    1.177831e-01    4.885711e-02    5.494121e-02
8.5     3.661384e-01    4.240397e-01    9.376526e-02    1.182005e-01    4.943621e-02    5.559299e-02
9.0     3.670121e-01    4.250369e-01    9.314267e-02    1.186592e-01    5.009437e-02    5.633575e-02
9.5     3.671872e-01    4.251211e-01    9.236541e-02    1.187259e-01    5.059129e-02    5.688935e-02
10.0    3.666405e-01    4.242740e-01    9.145105e-02    1.184407e-01    5.098561e-02    5.732365e-02
10.5    3.655781e-01    4.227464e-01    9.113234e-02    1.186558e-01    5.178017e-02    5.821931e-02
11.0    3.638723e-01    4.204037e-01    9.022930e-02    1.180248e-01    5.202400e-02    5.848278e-02
11.5    3.617065e-01    4.174712e-01    9.005430e-02    1.180802e-01    5.275907e-02    5.931041e-02
12.0    3.594550e-01    4.144014e-01    8.970147e-02    1.177873e-01    5.335503e-02    5.997263e-02
12.5    3.565616e-01    4.105640e-01    8.930739e-02    1.173334e-01    5.383104e-02    6.050297e-02
13.0    3.531161e-01    4.066597e-01    8.875202e-02    1.165832e-01    5.403256e-02    6.071428e-02
13.5    3.496154e-01    4.029686e-01    8.876390e-02    1.164038e-01    5.473654e-02    6.150626e-02
14.0    3.460649e-01    3.992028e-01    8.906417e-02    1.164816e-01    5.554467e-02    6.241644e-02
14.5    3.425575e-01    3.954682e-01    8.909692e-02    1.161954e-01    5.613122e-02    6.307250e-02
15.0    3.387098e-01    3.913142e-01    8.883932e-02    1.155196e-01    5.647489e-02    6.344427e-02
15.5    3.353386e-01    3.876834e-01    8.894568e-02    1.152326e-01    5.705318e-02    6.409624e-02
16.0    3.320557e-01    3.841226e-01    8.972210e-02    1.156909e-01    5.799912e-02    6.516925e-02
16.5    3.288927e-01    3.806719e-01    9.022057e-02    1.158044e-01    5.882270e-02    6.609875e-02
17.0    3.258051e-01    3.772796e-01    9.030883e-02    1.154345e-01    5.919450e-02    6.650481e-02
17.5    3.227940e-01    3.739398e-01    9.063880e-02    1.153465e-01    5.987478e-02    6.726658e-02
18.0    3.200073e-01    3.708366e-01    9.063235e-02    1.148764e-01    6.016030e-02    6.758260e-02
18.5    3.176717e-01    3.682238e-01    9.149703e-02    1.154071e-01    6.108504e-02    6.863195e-02
19.0    3.154733e-01    3.657520e-01    9.246697e-02    1.160664e-01    6.215372e-02    6.984832e-02
19.5    3.134552e-01    3.634581e-01    9.326153e-02    1.165367e-01    6.308902e-02    7.090995e-02
20.0    3.115014e-01    3.612250e-01    9.389574e-02    1.168154e-01    6.373842e-02    7.164294e-02
20.5    3.098760e-01    3.593538e-01    9.471358e-02    1.173351e-01    6.459790e-02    7.261909e-02
21.0    3.079565e-01    3.571198e-01    9.538666e-02    1.176927e-01    6.536853e-02    7.348867e-02
21.5    3.066368e-01    3.555709e-01    9.623913e-02    1.182648e-01    6.627879e-02    7.452115e-02
22.0    3.051151e-01    3.537697e-01    9.661592e-02    1.183036e-01    6.686705e-02    7.518034e-02
22.5    3.043757e-01    3.528713e-01    9.751897e-02    1.189641e-01    6.756148e-02    7.596651e-02
23.0    3.035889e-01    3.519093e-01    9.830236e-02    1.195055e-01    6.819476e-02    7.667957e-02
23.5    3.025554e-01    3.506456e-01    9.913760e-02    1.201161e-01    6.898286e-02    7.757658e-02
24.0    3.019476e-01    3.498721e-01    1.000475e-01    1.208217e-01    6.986041e-02    7.857244e-02
24.5    3.014784e-01    3.492498e-01    1.008991e-01    1.214873e-01    7.068925e-02    7.951603e-02
25.0    3.013211e-01    3.489884e-01    1.020159e-01    1.224636e-01    7.173537e-02    8.070952e-02
25.5    3.011397e-01    3.486896e-01    1.030379e-01    1.233536e-01    7.262114e-02    8.171961e-02
26.0    3.011355e-01    3.485934e-01    1.041462e-01    1.243456e-01    7.358714e-02    8.281934e-02
26.5    3.011194e-01    3.484805e-01    1.050528e-01    1.251119e-01    7.429315e-02    8.361797e-02
27.0    3.011377e-01    3.484085e-01    1.062787e-01    1.262694e-01    7.530834e-02    8.477622e-02
27.5    3.013054e-01    3.485084e-01    1.072071e-01    1.270878e-01    7.616175e-02    8.574601e-02
28.0    3.015639e-01    3.487081e-01    1.084092e-01    1.282344e-01    7.718471e-02    8.691441e-02
28.5    3.019977e-01    3.491158e-01    1.094391e-01    1.291989e-01    7.808720e-02    8.794482e-02
29.0    3.022930e-01    3.493566e-01    1.104058e-01    1.300909e-01    7.894126e-02    8.891541e-02
29.5    3.028416e-01    3.498941e-01    1.115941e-01    1.312520e-01    7.995386e-02    9.007204e-02
30.0    3.032371e-01    3.502569e-01    1.125774e-01    1.321812e-01    8.078822e-02    9.102122e-02
30.5    3.039989e-01    3.510436e-01    1.138052e-01    1.334064e-01    8.174507e-02    9.211408e-02
31.0    3.045885e-01    3.516316e-01    1.147324e-01    1.342893e-01    8.254047e-02    9.301889e-02
31.5    3.054342e-01    3.525169e-01    1.159042e-01    1.354662e-01    8.357111e-02    9.419747e-02
32.0    3.061564e-01    3.532588e-01    1.171412e-01    1.367238e-01    8.452716e-02    9.528903e-02
32.5    3.070642e-01    3.542219e-01    1.183203e-01    1.379252e-01    8.532096e-02    9.619517e-02
33.0    3.079434e-01    3.551514e-01    1.194143e-01    1.390325e-01    8.625622e-02    9.726284e-02
33.5    3.088961e-01    3.561686e-01    1.206827e-01    1.403493e-01    8.726373e-02    9.841590e-02
34.0    3.098758e-01    3.572191e-01    1.218015e-01    1.414974e-01    8.805765e-02    9.932148e-02
34.5    3.109301e-01    3.583567e-01    1.230283e-01    1.427785e-01    8.904010e-02    1.004452e-01
35.0    3.118312e-01    3.593197e-01    1.242715e-01    1.440849e-01    9.000598e-02    1.015501e-01
35.5    3.129504e-01    3.605380e-01    1.255163e-01    1.454002e-01    9.097822e-02    1.026630e-01
36.0    3.138415e-01    3.614937e-01    1.267175e-01    1.466669e-01    9.198761e-02    1.038187e-01
36.5    3.148126e-01    3.625444e-01    1.275087e-01    1.474639e-01    9.274324e-02    1.046806e-01
37.0    3.159852e-01    3.638306e-01    1.286064e-01    1.486204e-01    9.333649e-02    1.053517e-01
37.5    3.171709e-01    3.651349e-01    1.298288e-01    1.499290e-01    9.425224e-02    1.064026e-01
38.0    3.182387e-01    3.663045e-01    1.307284e-01    1.508689e-01    9.509540e-02    1.073676e-01
38.5    3.193448e-01    3.675187e-01    1.315210e-01    1.516845e-01    9.557953e-02    1.079156e-01
39.0    3.205965e-01    3.689034e-01    1.327098e-01    1.529640e-01    9.649695e-02    1.089657e-01
39.5    3.219442e-01    3.704019e-01    1.339441e-01    1.543013e-01    9.745799e-02    1.100667e-01
