0.0     2.775127e-02    3.350747e-02    3.366167e-02    5.139425e-02    1.210239e-02    1.425073e-02
0.5     2.819854e-02    3.403017e-02    3.384490e-02    5.152328e-02    1.215629e-02    1.431420e-02
1.0     2.953007e-02    3.558916e-02    3.437539e-02    5.189718e-02    1.231160e-02    1.449708e-02
1.5     3.176463e-02    3.819530e-02    3.522931e-02    5.245411e-02    1.255798e-02    1.478720e-02
2.0     3.489013e-02    4.182756e-02    3.634711e-02    5.311511e-02    1.287383e-02    1.515911e-02
2.5     3.890054e-02    4.646200e-02    3.766927e-02    5.377236e-02    1.323607e-02    1.558566e-02
3.0     4.373188e-02    5.201620e-02    3.910949e-02    5.432364e-02    1.361474e-02    1.603154e-02
3.5     4.930550e-02    5.838298e-02    4.059109e-02    5.466644e-02    1.398273e-02    1.646486e-02
4.0     5.547157e-02    6.538572e-02    4.202446e-02    5.472549e-02    1.431174e-02    1.685228e-02
4.5     6.206214e-02    7.282524e-02    4.334034e-02    5.444594e-02    1.458033e-02    1.716854e-02
5.0     6.856840e-02    8.078808e-02    4.446974e-02    5.380664e-02    1.477020e-02    1.739212e-02
5.5     7.502173e-02    8.873072e-02    4.491473e-02    5.334540e-02    1.487127e-02    1.751113e-02
6.0     8.120918e-02    9.636854e-02    4.378789e-02    5.409148e-02    1.487806e-02    1.751912e-02
6.5     8.694312e-02    1.034570e-01    4.241848e-02    5.451168e-02    1.479173e-02    1.741747e-02
7.0     9.205782e-02    1.097753e-01    4.085113e-02    5.460195e-02    1.461712e-02    1.721186e-02
7.5     9.643208e-02    1.151596e-01    3.913523e-02    5.437770e-02    1.436279e-02    1.691238e-02
8.0     9.998187e-02    1.194949e-01    3.731694e-02    5.386036e-02    1.403917e-02    1.653131e-02
8.5     1.026658e-01    1.227225e-01    3.544153e-02    5.308185e-02    1.365773e-02    1.608217e-02
9.0     1.044796e-01    1.248346e-01    3.354568e-02    5.207602e-02    1.323025e-02    1.557880e-02
9.5     1.054483e-01    1.258623e-01    3.166297e-02    5.087910e-02    1.276766e-02    1.503409e-02
10.0    1.056248e-01    1.258757e-01    2.981704e-02    4.952714e-02    1.228067e-02    1.446065e-02
10.5    1.050758e-01    1.249627e-01    2.802865e-02    4.805363e-02    1.177815e-02    1.386893e-02
11.0    1.038839e-01    1.232337e-01    2.631025e-02    4.649037e-02    1.126852e-02    1.326884e-02
11.5    1.021324e-01    1.208003e-01    2.467234e-02    4.486464e-02    1.075833e-02    1.266808e-02
12.0    9.991139e-02    1.177842e-01    2.312098e-02    4.320180e-02    1.025336e-02    1.207347e-02
12.5    9.730259e-02    1.142934e-01    2.165963e-02    4.152170e-02    9.757373e-03    1.148944e-02
13.0    9.414202e-02    1.107374e-01    2.028765e-02    3.984309e-02    9.274326e-03    1.092065e-02
13.5    9.062633e-02    1.070442e-01    1.900723e-02    3.817974e-02    8.807267e-03    1.037068e-02
14.0    8.695443e-02    1.031565e-01    1.781393e-02    3.654384e-02    8.356485e-03    9.839875e-03
14.5    8.319041e-02    9.913930e-02    1.670028e-02    3.494449e-02    7.925402e-03    9.332270e-03
15.0    7.938879e-02    9.505386e-02    1.566995e-02    3.338887e-02    7.512272e-03    8.845803e-03
15.5    7.559471e-02    9.094726e-02    1.471288e-02    3.188242e-02    7.120206e-03    8.384140e-03
16.0    7.184654e-02    8.686323e-02    1.382558e-02    3.042867e-02    6.746189e-03    7.943731e-03
16.5    6.817222e-02    8.283313e-02    1.300213e-02    2.903018e-02    6.393068e-03    7.527926e-03
17.0    6.459722e-02    7.888677e-02    1.223904e-02    2.768829e-02    6.057481e-03    7.132767e-03
17.5    6.113648e-02    7.504237e-02    1.151977e-02    2.640346e-02    5.740517e-03    6.759538e-03
18.0    5.780531e-02    7.131869e-02    1.085065e-02    2.517643e-02    5.441989e-03    6.408017e-03
18.5    5.461391e-02    6.772703e-02    1.023261e-02    2.400473e-02    5.159335e-03    6.075187e-03
19.0    5.156101e-02    6.427640e-02    9.657345e-03    2.288881e-02    4.893079e-03    5.761668e-03
19.5    4.865539e-02    6.096691e-02    9.116920e-03    2.182720e-02    4.642775e-03    5.466931e-03
20.0    4.589186e-02    5.780835e-02    8.622948e-03    2.081661e-02    4.406150e-03    5.188302e-03
20.5    4.326975e-02    5.479361e-02    8.152969e-03    1.985747e-02    4.183529e-03    4.926162e-03
21.0    4.079160e-02    5.192890e-02    7.714527e-03    1.894538e-02    3.973505e-03    4.678857e-03
21.5    3.844843e-02    4.920473e-02    7.314001e-03    1.808128e-02    3.776756e-03    4.447182e-03
22.0    3.623971e-02    4.662023e-02    6.931966e-03    1.725988e-02    3.590677e-03    4.228071e-03
22.5    3.415840e-02    4.417600e-02    6.579693e-03    1.648106e-02    3.415299e-03    4.021560e-03
23.0    3.219630e-02    4.185970e-02    6.244981e-03    1.574293e-02    3.249907e-03    3.826810e-03
23.5    3.035468e-02    3.967045e-02    5.938463e-03    1.504187e-02    3.094618e-03    3.643955e-03
24.0    2.862154e-02    3.760256e-02    5.651292e-03    1.437844e-02    2.947839e-03    3.471121e-03
24.5    2.699506e-02    3.564781e-02    5.374928e-03    1.374811e-02    2.809387e-03    3.308092e-03
25.0    2.546564e-02    3.380527e-02    5.122087e-03    1.315013e-02    2.679107e-03    3.154685e-03
25.5    2.402844e-02    3.206075e-02    4.874579e-03    1.258269e-02    2.555678e-03    3.009346e-03
26.0    2.268165e-02    3.041817e-02    4.650827e-03    1.204619e-02    2.439275e-03    2.872280e-03
26.5    2.141621e-02    2.886806e-02    4.440506e-03    1.153535e-02    2.329622e-03    2.743162e-03
27.0    2.023028e-02    2.740935e-02    4.236707e-03    1.105060e-02    2.225657e-03    2.620741e-03
27.5    1.911383e-02    2.603070e-02    4.049722e-03    1.059111e-02    2.127284e-03    2.504906e-03
28.0    1.806942e-02    2.473088e-02    3.873318e-03    1.015465e-02    2.034225e-03    2.395328e-03
28.5    1.708626e-02    2.350411e-02    3.702019e-03    9.739242e-03    1.946104e-03    2.291563e-03
29.0    1.616459e-02    2.234562e-02    3.544590e-03    9.344970e-03    1.862792e-03    2.193463e-03
29.5    1.530021e-02    2.125369e-02    3.395687e-03    8.969667e-03    1.783546e-03    2.100150e-03
30.0    1.448554e-02    2.022408e-02    3.256405e-03    8.614264e-03    1.708696e-03    2.012013e-03
30.5    1.372292e-02    1.925130e-02    3.123110e-03    8.275157e-03    1.637629e-03    1.928331e-03
31.0    1.300601e-02    1.833307e-02    2.996807e-03    7.951428e-03    1.570205e-03    1.848938e-03
31.5    1.233194e-02    1.746464e-02    2.877272e-03    7.643973e-03    1.506194e-03    1.773563e-03
32.0    1.169835e-02    1.664563e-02    2.765106e-03    7.351262e-03    1.445497e-03    1.702092e-03
32.5    1.110228e-02    1.587179e-02    2.657345e-03    7.073659e-03    1.387729e-03    1.634070e-03
33.0    1.054159e-02    1.514051e-02    2.554994e-03    6.808292e-03    1.332805e-03    1.569396e-03
33.5    1.001351e-02    1.444851e-02    2.458378e-03    6.554937e-03    1.280542e-03    1.507856e-03
34.0    9.516370e-03    1.379445e-02    2.366378e-03    6.313343e-03    1.230870e-03    1.449366e-03
34.5    9.048428e-03    1.317419e-02    2.278409e-03    6.082818e-03    1.183547e-03    1.393642e-03
35.0    8.606883e-03    1.258812e-02    2.194614e-03    5.863074e-03    1.138477e-03    1.340572e-03
35.5    8.190569e-03    1.203325e-02    2.114975e-03    5.654166e-03    1.095532e-03    1.290004e-03
36.0    7.798331e-03    1.150745e-02    2.040051e-03    5.453589e-03    1.054645e-03    1.241859e-03
36.5    7.428171e-03    1.100931e-02    1.967484e-03    5.261879e-03    1.015599e-03    1.195881e-03
37.0    7.078343e-03    1.053712e-02    1.898232e-03    5.078633e-03    9.783432e-04    1.152012e-03
37.5    6.747983e-03    1.008875e-02    1.832184e-03    4.903502e-03    9.427741e-04    1.110130e-03
38.0    6.435937e-03    9.663549e-03    1.769288e-03    4.735996e-03    9.088044e-04    1.070130e-03
38.5    6.141402e-03    9.260272e-03    1.709553e-03    4.575526e-03    8.763477e-04    1.031911e-03
39.0    5.862412e-03    8.877181e-03    1.651931e-03    4.421801e-03    8.453286e-04    9.953862e-04
39.5    5.598427e-03    8.513332e-03    1.596785e-03    4.274738e-03    8.156773e-04    9.604713e-04
